Values
12.825
15.12
15.176
15.443
15.582
16.166
16.378
16.704
16.86
16.914
17.005
17.046
17.338
17.786
17.787
17.875
18.532
18.533
18.571
18.649
18.69
18.734
18.989
19.101
19.18
19.329
19.386
19.441
19.498
19.602
19.683
19.865
19.905
19.954
20.021
20.28
20.305
20.469
20.473
20.534
20.658
20.814
20.85
20.999
21.108
21.159
21.183
21.291
21.337
21.719
21.723
21.725
21.822
21.929
22.045
22.125
22.141
22.198
22.216
22.331
22.37
22.445
22.545
22.637
22.773
22.778
22.9
22.9
22.9
22.983
22.992
23.026
23.04
23.059
23.085
23.103
23.113
23.156
23.194
23.251
23.275
23.286
23.292
23.307
23.422
23.457
23.507
23.508
23.576
23.618
23.644
23.693
23.72
23.75
23.756
23.772
23.899
24.165
24.27
24.388
24.396
24.409
24.416
24.419
24.446
24.466
24.489
24.489
24.593
24.623
24.666
24.673
24.688
24.69
24.691
24.703
24.704
24.869
24.885
24.89
24.902
24.929
24.968
24.998
25.043
25.059
25.072
25.175
25.21
25.36
25.448
25.535
25.576
25.585
25.593
25.713
25.778
25.859
25.916
26.01
26.098
26.197
26.254
26.34
26.525
26.99
27.711
27.967
28.141
28.457
28.577
28.76
28.918
29.203
29.348
30.174
30.573
31.388
32.939